world: world
x: -199.5
y: 66.0
z: 149.5
yaw: 272.10028
pitch: 21.449976
name: azerty
