world: world
x: -205.0894865582586
y: 63.0
z: 48.18104753289668
yaw: 149.09933
pitch: 20.700014
name: blue@start
