world: world
x: -196.87951854845926
y: 64.0
z: 59.69999998807907
yaw: -183.60083
pitch: 28.200058
name: lobby1
