world: world_nether
x: -26.720290908081058
y: 42.0
z: 23.39832037769964
yaw: 88.049965
pitch: 31.499973
name: qwerty
