world: world
x: -172.1372494613096
y: 64.0
z: 78.38203993742567
yaw: -86.55075
pitch: 46.050053
name: red@start
