world: world
x: -195.69999998807907
y: 62.131997326064585
z: 70.30281696771272
yaw: 287.85034
pitch: 11.699976
name: teleport
