timestamps:
  login: 1381429214126
  lastteleport: 1381429438002
  logout: 1381348780634
ipAddress: 127.0.0.1
lastlocation:
  world: world
  x: -188.01853203665615
  y: 63.0
  z: 52.08946147993292
  yaw: -127.500374
  pitch: 7.9500175
logoutlocation:
  world: world
  x: -198.16162776474573
  y: 64.0
  z: 57.05876397373063
  yaw: -188.70079
  pitch: 47.850056
afk: false
