timestamps:
  login: 1380910183268
  logout: 1380910631291
  lastteleport: 1380134900038
ipAddress: 127.0.0.1
afk: false
logoutlocation:
  world: world
  x: -209.75262924718464
  y: 60.0
  z: 62.7544776855287
  yaw: -202.4997
  pitch: 22.500015
lastlocation:
  world: world
  x: -199.5
  y: 66.0
  z: 149.5
  yaw: -91.64983
  pitch: 42.000015
