timestamps:
  login: 1381000933059
  logout: 1381001371336
  lastteleport: 1380994649479
ipAddress: 127.0.0.1
afk: false
logoutlocation:
  world: world
  x: -206.35641572218225
  y: 64.0
  z: 69.4141716350944
  yaw: -349.94968
  pitch: 52.350044
lastlocation:
  world: world
  x: -205.6360589197997
  y: 64.0
  z: 69.698555460974
  yaw: -125.39978
  pitch: 4.950011
homes:
  home:
    world: world
    x: -205.93496952585815
    y: 64.0
    z: 68.91560013702497
    yaw: 275.25104
    pitch: 32.09575
