timestamps:
  login: 1381088284046
  lastteleport: 1381088159460
ipAddress: 127.0.0.1
lastlocation:
  world: world
  x: -194.92545035237265
  y: 62.0
  z: 70.46824996982696
  yaw: -266.09976
  pitch: 4.9500313
logoutlocation:
  world: world
  x: -199.4787340070625
  y: 64.0
  z: 65.41082906350147
  yaw: 5.250118
  pitch: 12.450057
afk: true
