timestamps:
  login: 1380653252123
  logout: 1380653328121
  lastteleport: 1380134900038
ipAddress: 127.0.0.1
afk: false
logoutlocation:
  world: world
  x: -205.93496952585815
  y: 64.0
  z: 68.91560013702497
  yaw: 273.60046
  pitch: 3.1457465
lastlocation:
  world: world
  x: -199.5
  y: 66.0
  z: 149.5
  yaw: -91.64983
  pitch: 42.000015
