timestamps:
  login: 1381085758883
  logout: 1381084529587
  lastteleport: 1381085860321
ipAddress: 127.0.0.1
afk: true
logoutlocation:
  world: world
  x: -198.26581940266487
  y: 64.0
  z: 63.867542767346954
  yaw: -356.9997
  pitch: 13.950037
lastlocation:
  world: world
  x: -199.30363459811556
  y: 64.0
  z: 65.20684816659207
  yaw: -353.8495
  pitch: 9.000029
homes:
  home:
    world: world
    x: -205.93496952585815
    y: 64.0
    z: 68.91560013702497
    yaw: 275.25104
    pitch: 32.09575
