timestamps:
  login: 1381349792949
  lastteleport: 1381349587070
  logout: 1381348780634
ipAddress: 127.0.0.1
lastlocation:
  world: world
  x: -197.11104140637337
  y: 64.0
  z: 64.25159030336984
  yaw: -11.700633
  pitch: 24.750051
logoutlocation:
  world: world
  x: -198.16162776474573
  y: 64.0
  z: 57.05876397373063
  yaw: -188.70079
  pitch: 47.850056
afk: false
