timestamps:
  login: 1381006048338
  logout: 1381006163609
  lastteleport: 1381006150062
ipAddress: 127.0.0.1
afk: false
logoutlocation:
  world: world
  x: -200.0362941112646
  y: 64.0
  z: 62.48101929038056
  yaw: -29.69974
  pitch: 33.149982
lastlocation:
  world: world
  x: -198.95917937050862
  y: 64.0
  z: 63.35071457493661
  yaw: -14.249733
  pitch: 31.950014
homes:
  home:
    world: world
    x: -205.93496952585815
    y: 64.0
    z: 68.91560013702497
    yaw: 275.25104
    pitch: 32.09575
